Prime paths:

1. [1,2,5,6,8,9,12,13,15,16,11]
2. [1,2,5,6,8,9,12,13,15,16,17]
3. [10,11,6,8,9,12,13,15,16,17]
4. [6,8,9,12,13,15,16,11,6]
5. [8,9,12,13,15,16,11,6,7]
6. [8,9,12,13,15,16,11,6,8]
7. [1,2,5,6,8,9,12,13,14]
8. [1,2,5,6,8,9,12,16,11]
9. [1,2,5,6,8,9,12,16,17]
10. [11,6,8,9,12,13,15,16,11]
11. [13,15,16,11,6,8,9,12,13]
12. [14,12,13,15,16,11,6,8,10]
13. [15,16,11,6,8,9,12,13,14]
14. [16,11,6,8,9,12,13,15,16]
15. [15,16,11,6,8,9,12,13,15]
16. [14,12,13,15,16,11,6,8,9]
17. [9,12,13,15,16,11,6,8,9]
18. [9,12,13,15,16,11,6,8,10]
19. [12,13,15,16,11,6,8,9,12]
20. [10,11,6,8,9,12,13,14]
21. [10,11,6,8,9,12,16,17]
22. [14,12,13,15,16,11,6,7]
23. [13,14,12,16,11,6,8,10]
24. [13,14,12,16,11,6,8,9]
25. [8,9,12,16,11,6,7]
26. [6,8,9,12,16,11,6]
27. [8,9,12,16,11,6,8]
28. [1,2,5,6,8,10,11]
29. [11,6,8,9,12,16,11]
30. [16,11,6,8,9,12,16]
31. [9,12,16,11,6,8,9]
32. [9,12,16,11,6,8,10]
33. [13,14,12,16,11,6,7]
34. [12,16,11,6,8,9,12]
35. [14,12,13,15,16,17]


tset paths:
[1,3]
[1,2,4]
[1,2,5,6,8,10,11,6,7]
[1,2,5,6,8,9,12,16,11,6,7]
[1,2,5,6,8,9,12,13,15,16,11,6,7]
[1,2,5,6,8,9,12,13,15,16,17]
[1,2,5,6,8,10,11,6,8,9,12,13,15,16,17]
[1,2,5,6,8,9,12,13,15,16,11,6,8,9,12,16,17]
[1,2,5,6,8,9,12,16,17]
[1,2,5,6,8,10,11,6,8,9,12,13,15,16,11,6,7]
[1,2,5,6,8,9,12,13,15,16,11,6,8,9,12,13,15,16,17]
[1,2,5,6,8,9,12,13,14,12,13,15,16,11,6,8,10,11,6,7]
[1,2,5,6,8,9,12,13,15,16,11,6,8,9,12,13,14,12,16,17]
[1,2,5,6,8,9,12,16,11,6,8,9,12,13,15,16,17]
[1,2,5,6,8,9,12,13,14,12,13,15,16,11,6,8,9,12,16,17]
[1,2,5,6,8,9,12,13,15,16,11,6,8,10,11,6,7]
[1,2,5,6,8,10,11,6,8,9,12,16,17]
[1,2,5,6,8,9,12,16,11,6,8,9,12,16,17]
[1,2,5,6,8,9,12,13,14,12,16,11,6,8,10,11,6,7]
[1,2,5,6,8,9,12,13,14,12,16,11,6,8,9,12,16,17]
[1,2,5,6,8,9,12,13,14,12,13,14,12,16,17]
[1,2,5,6,7]
[1,2,5,6,8,10,11,6,8,10,11,6,7]
[1,2,5,6,8,9,12,13,14,12,16,11,6,7]
[1,2,5,6,8,9,12,13,14,12,13,15,16,17]
[1,2,5,6,8,9,12,13,15,16,11,6,7]
[1,2,5,6,8,10,11,6,8,9,12,13,15,16,17]
[1,2,5,6,7]
[1,2,5,6,8,10,11,6,8,10,11,6,7]
[1,2,5,6,8,10,11,6,7]

test cases:
[1,3]
Test case : startNumber = 3, endNumber = 1

[1,2,4]
test case:startNumber = 1, endNumber = 4

[1,2,5,6,8,10,11,6,7]
test case:startNumber = 1, endNumber = 4

[1,2,5,6,8,9,12,16,11,6,7]
test case:startNumber = 1, endNumber = 1

[1,2,5,6,8,10,11,6,8,9,12,13,15,16,11,6,7]
test case:startNumber = 1, endNumber = 4

[1,2,5,6,8,9,12,13,15,16,11,6,8,9,12,13,15,16,17]
test case:startNumber = 6, endNumber = 7

[1,2,5,6,8,9,12,13,14,12,13,15,16,11,6,8,10,11,6,7]
test case:startNumber = 3, endNumber = 5

[1,2,5,6,8,9,12,13,15,16,11,6,8,9,12,13,14,12,16,17]
test case:startNumber = 5, endNumber = 1

[1,2,5,6,8,9,12,16,11,6,8,9,12,13,15,16,17]
test case:startNumber = , endNumber = 1

[1,2,5,6,8,9,12,13,14,12,13,15,16,11,6,8,9,12,16,17]
test case:startNumber = 6, endNumber = 3

[1,2,5,6,8,9,12,13,15,16,11,6,8,10,11,6,7]
test case:startNumber = 1, endNumber = 1

[1,2,5,6,8,10,11,6,8,9,12,16,17]
test case:startNumber = 5, endNumber = 6

[1,2,5,6,8,9,12,16,11,6,8,9,12,16,17]
test case:startNumber = 3, endNumber = 2

[1,2,5,6,8,9,12,13,14,12,16,11,6,8,10,11,6,7]
test case:startNumber = 1, endNumber = 2

[1,2,5,6,8,9,12,13,14,12,16,11,6,8,9,12,16,17]
test case:startNumber = 3, endNumber = 4

[1,2,5,6,8,9,12,13,14,12,13,14,12,16,17]
test case:startNumber = 4, endNumber = 3

[1,2,5,6,8,10,11,6,7]
test case:startNumber = 1, endNumber = 4